Game: 800
Max Score: 360
mavg_score: [82.06, 85.78, 79.58, 83.74, 83.1, 86.76, 91.14, 100.36, 106.52, 118.44, 176.54, 201.2, 210.36, 224.74, 234.88]
var_score: [324.4564000000001, 367.6116, 240.20359999999997, 337.47240000000005, 239.25000000000003, 280.14240000000007, 380.0004, 353.0704, 279.0896, 951.8864, 3212.5683999999997, 2680.92, 2219.9104, 2126.4324, 2664.3856]
mavg_ammo_left: [11.51, 10.34, 12.12, 10.76, 11.56, 10.86, 11.24, 9.46, 10.14, 10.44, 5.3, 3.96, 1.72, 1.68, 1.44]
mavg_kill_counts: [1.26, 1.46, 1.1, 1.44, 1.46, 1.78, 2.1, 2.7, 3.18, 4.14, 8.36, 10.48, 11.82, 13.28, 14.22]
